6.051712792986778666e+00 3.451613454186868601e+00
9.686027579551161892e+00 4.863290742047687409e+00
8.877524722785258504e+00 6.844889233239364046e+00
3.768361444495743839e+00 9.344135729499287280e+00
5.482690054964329818e+00 2.702888499679442447e+00
6.191733372901488508e+00 3.618261717475247607e+00
8.656196750600477330e+00 6.980069835508133202e+00
9.645202646019386705e+00 4.709100499746180724e+00
6.787360648411209674e+00 4.415398005394765235e+00
9.127747879570984324e+00 7.464447960426762840e+00
9.540538489378000975e+00 4.546396939824065342e+00
1.026134023134129514e+01 4.349497163694797663e+00
8.752944779706499645e+00 6.761236067006027639e+00
6.806440331702724222e+00 7.024197426652952103e+00
8.465195966355487656e+00 6.077121011810660889e+00
5.264075993976417678e+00 2.315991702380401307e+00
8.821692150460274107e+00 5.051124381897851734e+00
4.628462284380695735e+00 8.602774183349819026e+00
8.911547588741941084e+00 7.148929802378664711e+00
8.347285513599597806e+00 6.553699757847715190e+00
6.920968455720267976e+00 6.568076353461545835e+00
8.612561098310113294e+00 5.809852767259306106e+00
8.001618388551978711e+00 6.097927197034394453e+00
7.293137287335613728e+00 6.197711767635680324e+00
8.055566655800234344e+00 6.069750509163025498e+00
1.178178651631609597e+01 3.322147340799743276e+00
3.733166411544002194e+00 8.397154748296525639e+00
5.649021071821472617e+00 7.283073560263325419e+00
9.373331062476758291e+00 4.987649709718890989e+00
1.147689703666154060e+01 3.647575712658496894e+00
5.838556976326448655e+00 2.269691854709436019e+00
8.390180876629722562e+00 5.820668883930442128e+00
7.837447945197567378e+00 6.413599866822317530e+00
6.197662727478016720e+00 3.987834546302509331e+00
9.506936073267015175e+00 5.079005612903197076e+00
9.297909824041182603e+00 7.849903959104263862e+00
7.100909134872733119e+00 4.641718054434579521e+00
7.232600249030638473e+00 4.765742797294165278e+00
8.662453507508036665e+00 7.116810046898164543e+00
7.411695473193042005e+00 4.925871774756088506e+00
6.962648046945616898e+00 3.894869793857380635e+00
8.032040719133881623e+00 6.231853167648907288e+00
9.300622318487713258e+00 5.524622409375247400e+00
6.283826088640532603e+00 3.275519039404118704e+00
1.039143820580886057e+01 4.477880472456865490e+00
6.778703428165266942e+00 6.953444050692585421e+00
8.907848327971144897e+00 5.256724319006828239e+00
6.576520052483070700e+00 3.690587091179698298e+00
7.115765047200149240e+00 6.579147797679455678e+00
7.438461388869678004e+00 5.111548888169019200e+00
9.113007732879196965e+00 5.225706108979672138e+00
6.058558689507307804e+00 3.280174622114018224e+00
6.107949431849661437e+00 7.434736647055689929e+00
7.054564987562895517e+00 6.527757170150833232e+00
6.166813625129328180e+00 7.120695224026051484e+00
8.153552008212612279e+00 5.922024727738131489e+00
6.942382038006133627e+00 4.895771938556277014e+00
7.439522879958884616e+00 6.612648768828222501e+00
7.010807847081053090e+00 4.559052850125285161e+00
8.862637337694184936e+00 5.191165850070451171e+00
6.972493860746389771e+00 7.171182871094053723e+00
1.031591369104355138e+01 4.160069728093578334e+00
7.876394209854678863e+00 5.851213679668360257e+00
8.913679302339570398e+00 7.326292658820869441e+00
9.074492262938191445e+00 5.275547943081019930e+00
9.020284216727409543e+00 7.445562786350086171e+00
8.028296428317869271e+00 6.092471401197599334e+00
9.231326793871577507e+00 7.841344502323611465e+00
8.307900418484404526e+00 6.394945632588905582e+00
6.270171997818059673e+00 7.288284540409419421e+00
1.133264260966142700e+01 3.380367738303323044e+00
8.809190517156746836e+00 5.360757174703773664e+00
9.314329350871499713e+00 7.888992980866814442e+00
9.157048944348638031e+00 4.886982778207432432e+00
7.141146879485383181e+00 4.919755390647051918e+00
7.605672956639236482e+00 5.749390033554981017e+00
9.248931947912961249e+00 7.447605407624254603e+00
7.186756005022771454e+00 6.411070567074492743e+00
8.948823740180504416e+00 7.474370585370784248e+00
8.493987710809319580e+00 6.516639994726952878e+00
6.881321747185897841e+00 4.265676441021605925e+00
9.006787538563164830e+00 5.201292946731299160e+00
7.336213654416395613e+00 6.667830638908164076e+00
4.820595796364935737e+00 8.290245172818565322e+00
6.273209685604328456e+00 7.177056346911891538e+00
9.168977821322211952e+00 5.235445065940281140e+00
9.595530879395692381e+00 4.615885360152600647e+00
9.256528636443412950e+00 5.027989028123061921e+00
8.902633697918705735e+00 5.986315155724970971e+00
8.445115808127670931e+00 5.540699601106599204e+00
9.105074760143633483e+00 5.264620686192560406e+00
6.717314510548712647e+00 3.736058871300128814e+00
7.054327763852221267e+00 4.869419412131724911e+00
9.101897788065560491e+00 7.075894540712694969e+00
8.333989103764150030e+00 6.287692483924769427e+00
8.881190915539168174e+00 7.679745615289329308e+00
9.989497547978039904e+00 8.132016147675333428e+00
5.883616770592670520e+00 7.564064864871824945e+00
8.187359039014411977e+00 6.120421400416580227e+00
5.769857947751619420e+00 2.503201155101489661e+00
8.842150773887405890e+00 6.908975773198255510e+00
8.457796651330907522e+00 5.912017744247058282e+00
6.734364500949942212e+00 6.642852776246704671e+00
1.011503003081322127e+01 8.813472417321900565e+00
5.874821444485485600e+00 3.257723158145900300e+00
5.711667538206990358e+00 7.881008201206893382e+00
5.865181762055621029e+00 7.792726458408745671e+00
1.069943633973558050e+01 4.583180187932703653e+00
1.088133973229427909e+01 4.290982544285862232e+00
1.028675548641240667e+01 9.739422491616384292e+00
7.742614948326798086e+00 5.398133200552615918e+00
1.057073588924107455e+01 4.187951215933364502e+00
5.989038385354872318e+00 7.267238950553752019e+00
7.494055272792255806e+00 6.158955391095188858e+00
6.186892573463588008e+00 3.602346342986407990e+00
9.038217074408240848e+00 5.341042915539844671e+00
5.670155228464804686e+00 7.517823360007755085e+00
9.734322157416398724e+00 8.274488501091253667e+00
5.218143225304768151e+00 7.645014852926846238e+00
6.928927390319286950e+00 4.068449398801426753e+00
8.367542782992416051e+00 6.690330293698023567e+00
1.130538730836126149e+01 3.593635463720580958e+00
8.185570604187084598e+00 6.407055623957922386e+00
5.909772683046258024e+00 3.123443980750143734e+00
7.710915723796960108e+00 5.765920474650939376e+00
6.659455673922598073e+00 4.298683957976956016e+00
8.151375561844641737e+00 5.997863934412620779e+00
9.286383280592231060e+00 7.938833757932385105e+00
8.300166534875176083e+00 6.608224988421798507e+00
6.743488365268094142e+00 4.400742355595850697e+00
7.639505383580136311e+00 4.962146872199277858e+00
9.098765567785438435e+00 7.329467684355636337e+00
7.989510567664475538e+00 6.170989423019169529e+00
7.437062805279186506e+00 4.983313394159215370e+00
7.278823572546859744e+00 5.307828197499929068e+00
6.237010346797147164e+00 3.298854928525286834e+00
6.870189458488743739e+00 4.898518758583140453e+00
6.827319402580856789e+00 4.558091626440679889e+00
7.192899864106077068e+00 6.279440923098130511e+00
1.028939860587260036e+01 8.964862314777599650e+00
9.349437922655713606e+00 4.941464000861518713e+00
7.933611841429846656e+00 5.586725092007362115e+00
7.545289142503820656e+00 5.051678250343595522e+00
7.984976714022937294e+00 5.959501347104055213e+00
8.553457683399825484e+00 6.511011595215701497e+00
8.393392195811360423e+00 6.673649612178466306e+00
8.230059511143542395e+00 5.900707075005998448e+00
6.871547318756576317e+00 7.092086472555918064e+00
7.977564139258850773e+00 5.840105633105767247e+00
9.092559338899087962e+00 4.992136081089745048e+00
8.645328068884884587e+00 5.120345845668301088e+00
1.221808086253296999e+01 3.017199634771246863e+00
9.660354476429942494e+00 8.502291097180837198e+00
7.405456562142088472e+00 5.951154712762085630e+00
6.093973615324543402e+00 3.474788172286875643e+00
8.777176162042957586e+00 7.673934236243054485e+00
6.246035931735990587e+00 3.197480652223277708e+00
8.069573257661875942e+00 5.528761749083685118e+00
8.248035757349757802e+00 6.048374822700361975e+00
9.080847759067507852e+00 5.376793244763444335e+00
8.063143010420450452e+00 6.474773246440045149e+00
5.425563671575232227e+00 7.878242618054613899e+00
8.539686618757633241e+00 7.126495446342151041e+00
4.793339953123645358e+00 8.078048113732950952e+00
1.173526075793579082e+01 3.473137201358432069e+00
7.791586709041589565e+00 6.459409553008169880e+00
8.579896620102838156e+00 5.705739038195380530e+00
8.622579980996968985e+00 5.343143736578112701e+00
9.877042367586343019e+00 8.462714212801726532e+00
8.929283825543922859e+00 5.431229275513175025e+00
9.765490748592029036e+00 4.581626137493651107e+00
9.689413371445089851e+00 4.589169845444041052e+00
1.127497827859421520e+01 3.734463795920829554e+00
9.059245258957226099e+00 8.214704260948337833e+00
5.171470948299362824e+00 7.788815474379775949e+00
8.743202929800897749e+00 5.180162286178230602e+00
5.968355374353151888e+00 3.479687519475404667e+00
8.079565962134028112e+00 6.538537361795247804e+00
8.138884877210134761e+00 5.485976451881445115e+00
8.399234899314127034e+00 7.027188860033386497e+00
8.862761080184519358e+00 5.205192619366519224e+00
4.871121782489421292e+00 8.160485526388592703e+00
9.074013899646143244e+00 5.298063805735273135e+00
8.640023635161803384e+00 6.825673499986526060e+00
6.476955497270533435e+00 4.447787983734880157e+00
9.136184789563262854e+00 4.897231805061039722e+00
6.265309784046523944e+00 6.659000858847200277e+00
6.185057739485861461e+00 7.217085726789155942e+00
7.044197035092942372e+00 6.799429785088695333e+00
6.337945627275193061e+00 7.502435664766734291e+00
6.826164011060309456e+00 4.402162067866195017e+00
6.747671397374255697e+00 6.837368293741904246e+00
9.073226743545578898e+00 6.989923625524985695e+00
7.061734733509798190e+00 5.189246135666334858e+00
8.706967511292521777e+00 7.252767646766131726e+00
9.412051298855171666e+00 4.462681060762108132e+00
8.266255173633096476e+00 5.595399314344170705e+00
8.552810768725397139e+00 6.099469052143687620e+00
6.903125565096592808e+00 6.507970073860458449e+00
6.455491446256047539e+00 7.038607373011742219e+00
